861234567 869876543 287 2022-02-01 
866612345 869876543 25 2022-02-01 
866612345 869911111 162 2022-02-02 
869123456 861234567 180 2022-02-03 
869876543 866612345 210 2022-02-03 
869876543 861234567 140 2022-02-04 
869911111 861234567 90 2022-02-04 
861234567 869876543 300 2022-02-05 
866612345 869876543 180 2022-02-05 
869123456 861234567 120 2022-02-06 
869876543 866612345 240 2022-02-06
861234567 869876543 175 2022-02-07 
869876543 861234567 80 2022-02-07 
866612345 869911111 150 2022-02-08 
869123456 869876543 200 2022-02-08 
869876543 866612345 220 2022-02-09 
866612345 869876543 160 2022-02-09 
861234567 869876543 300 2022-02-10 
869876543 866612345 180 2022-02-10 
869123456 869911111 240 2022-02-11 
869911111 869876543 90 2022-02-11 
866612345 861234567 150 2022-02-12 
869123456 869876543 200 2022-02-12 
869876543 866612345 210 2022-02-13 
866612345 869876543 180 2022-02-13 
